FEATURE_MEAN = (0.000000, 0.000000, 0.000000, 0.000000, 0.000000, 0.000000, 0.000000, 0.000000, 0.000000, 0.000000, 0.000000, 0.000000, 0.000000, 0.000000, 0.000000, 0.000000,)
FEATURE_STD = (1.000000, 1.000000, 1.000000, 1.000000, 1.000000, 1.000000, 1.000000, 1.000000, 1.000000, 1.000000, 1.000000, 1.000000, 1.000000, 1.000000, 1.000000, 1.000000,)
MLP_W1 = (
    (-0.001872, 0.134111, -0.205761, -0.183985, -0.096289, 0.067039, -0.004953, 0.198222, -0.022186, 0.066153, -0.075553, -0.049141, -0.238837, -0.165571, -0.103056, 0.009261,),
    (0.098834, 0.150006, -0.169485, -0.108866, 0.090804, 0.207597, -0.051450, 0.187078, -0.040296, 0.026454, 0.226369, -0.231918, -0.157384, -0.063291, -0.097450, 0.216000,),
    (-0.162045, -0.115083, -0.174660, -0.234140, -0.145935, 0.214900, 0.111555, 0.121168, 0.013148, -0.128171, 0.042296, -0.233424, -0.180642, -0.128882, 0.157734, 0.146580,),
    (-0.110874, -0.009021, 0.159890, 0.248533, 0.099221, 0.033773, 0.167622, -0.147201, 0.046586, -0.193826, -0.173272, -0.129146, 0.113118, 0.100540, -0.148088, 0.075527,),
    (0.137243, -0.031554, 0.009545, 0.057926, 0.155094, 0.240049, -0.192656, -0.091617, 0.098252, 0.207137, 0.217552, 0.220589, 0.049754, -0.217396, 0.022998, -0.156401,),
    (-0.232989, 0.222123, 0.190090, -0.249382, 0.046793, -0.042115, -0.041140, -0.114439, 0.096139, -0.148076, 0.091648, 0.126427, 0.178968, 0.093478, -0.247434, -0.162174,),
    (0.124829, 0.052325, -0.195021, -0.143955, 0.235187, 0.168454, -0.109006, -0.062921, -0.238150, -0.004494, -0.188265, -0.192839, -0.013775, 0.037536, -0.102383, 0.148344,),
    (-0.152135, 0.226843, 0.171325, -0.210821, -0.062221, 0.011281, 0.036475, 0.059294, 0.098107, 0.014975, -0.121982, 0.118297, -0.239812, -0.148177, -0.062582, -0.121778,),
    (-0.087458, -0.204905, -0.053179, 0.053439, -0.162866, -0.012830, 0.178963, -0.025700, 0.006948, -0.021567, 0.050595, 0.158960, 0.236812, 0.158764, 0.237353, -0.018080,),
    (-0.224580, -0.118519, 0.170226, -0.001621, -0.124262, -0.191578, -0.233963, -0.211002, -0.050709, 0.137102, 0.135160, -0.241108, 0.155946, -0.195627, -0.052853, -0.101368,),
    (-0.048154, -0.049086, -0.224337, -0.215859, -0.039120, 0.003233, -0.113569, 0.094175, -0.225015, -0.016872, 0.219855, -0.101973, 0.225751, 0.090538, -0.225615, 0.158174,),
    (-0.028849, -0.111602, 0.199913, -0.202024, 0.026826, -0.052342, 0.178528, 0.069786, 0.120126, 0.088290, -0.060119, -0.052576, -0.206020, 0.135461, 0.198495, 0.171056,),
    (-0.176345, 0.011150, -0.176234, -0.137621, -0.145676, 0.085436, -0.148978, -0.005454, 0.010517, 0.161156, -0.188980, -0.171628, -0.145165, 0.174983, -0.089866, 0.210872,),
    (0.090402, 0.031657, -0.001861, -0.049420, 0.031367, -0.057086, -0.001757, 0.031898, -0.195551, -0.131033, 0.201873, -0.202887, -0.017952, 0.247310, 0.090309, 0.007078,),
    (-0.216652, 0.123844, -0.178070, -0.070966, -0.083879, -0.037022, 0.002735, 0.206202, 0.031210, 0.223923, 0.152928, -0.158053, 0.112126, -0.176724, -0.105956, 0.073531,),
    (0.082548, 0.187557, -0.080479, 0.000400, 0.128706, -0.241773, 0.180745, -0.206731, 0.003446, -0.042504, -0.131668, 0.033043, 0.206730, -0.073080, -0.148424, -0.092460,),
    (-0.247787, 0.112848, -0.120066, -0.166835, -0.144025, 0.143739, 0.132393, 0.191880, 0.090681, -0.083490, -0.069862, 0.073857, 0.205509, 0.067973, -0.118286, -0.117519,),
    (-0.236367, 0.054012, -0.140296, -0.222894, 0.219219, -0.162353, -0.028440, 0.071623, 0.007965, -0.168220, -0.202080, 0.199271, 0.040710, 0.207406, -0.083810, 0.073639,),
    (-0.057169, -0.011118, -0.152261, 0.084550, 0.079041, -0.005157, -0.056226, -0.154107, 0.172886, -0.186106, 0.102416, -0.084063, -0.120617, 0.044911, -0.129864, 0.057601,),
    (0.049095, -0.185622, 0.041625, 0.106482, 0.098958, -0.031470, -0.204947, -0.038539, 0.086827, -0.091219, 0.094895, 0.166491, -0.130538, 0.002465, 0.103375, 0.019594,),
    (0.020883, 0.031216, -0.196537, 0.019647, 0.173117, 0.225278, 0.146938, 0.033501, 0.116754, -0.121620, -0.207172, -0.214980, 0.249402, 0.158697, -0.172808, 0.097811,),
    (0.188792, 0.249904, 0.218599, 0.193688, -0.057315, -0.087735, 0.205262, 0.140095, -0.150445, 0.224754, 0.120790, 0.136284, -0.156694, 0.071725, -0.087641, 0.195339,),
    (-0.044985, 0.097328, 0.044405, 0.106367, -0.084957, 0.121893, -0.174618, 0.056464, -0.169148, -0.246634, -0.200764, 0.197368, 0.135259, 0.234554, 0.200280, -0.223261,),
    (-0.170608, -0.040396, -0.162358, 0.173599, -0.189002, -0.121975, -0.241523, -0.141936, 0.205619, 0.204690, 0.178959, 0.193032, 0.222297, -0.064016, 0.110001, 0.222733,),
    (0.082705, 0.249919, 0.129666, 0.155412, -0.087498, 0.119957, 0.028727, -0.059704, -0.140927, -0.140279, -0.192370, 0.167833, 0.177733, -0.028453, -0.144671, 0.193226,),
    (0.159872, 0.018584, -0.118034, 0.229762, 0.102235, -0.189786, 0.239271, 0.189843, -0.091123, 0.140539, -0.142047, -0.039179, 0.212275, 0.010330, -0.176805, -0.083558,),
    (-0.067861, -0.048232, 0.023925, 0.231207, 0.013385, -0.154360, 0.012814, 0.119872, 0.124010, -0.228485, -0.044736, -0.185786, -0.106671, 0.090073, -0.177533, 0.092932,),
    (0.212195, 0.016397, -0.166622, -0.089571, 0.054591, -0.190580, 0.124203, -0.226967, -0.240323, -0.242915, -0.050716, 0.168108, -0.236620, 0.207797, -0.100006, 0.073221,),
    (0.011401, -0.225430, 0.207332, 0.134611, 0.248499, 0.126303, -0.165017, 0.208646, 0.013436, 0.118554, -0.200457, -0.071907, -0.245469, -0.097373, 0.053933, -0.196290,),
    (0.079691, 0.134202, 0.034827, -0.167271, -0.193830, -0.077129, 0.109740, 0.246599, 0.143757, -0.028152, 0.087654, -0.245266, -0.213525, 0.116652, -0.141604, 0.120274,),
    (-0.176483, -0.123828, -0.205922, 0.130460, -0.025474, 0.192400, 0.154718, 0.138336, 0.008039, -0.077294, -0.054358, 0.033225, 0.123927, -0.175147, 0.209819, -0.027183,),
    (-0.209486, -0.135264, 0.221204, 0.228632, -0.231570, 0.176325, 0.125290, 0.147980, 0.211632, -0.134738, 0.078944, 0.102308, -0.073873, 0.083663, -0.071928, 0.154565,),
)
MLP_B1 = (0.000000, 0.000000, 0.000000, 0.000000, 0.000000, 0.000000, 0.000000, 0.000000, 0.000000, 0.000000, 0.000000, 0.000000, 0.000000, 0.000000, 0.000000, 0.000000, 0.000000, 0.000000, 0.000000, 0.000000, 0.000000, 0.000000, 0.000000, 0.000000, 0.000000, 0.000000, 0.000000, 0.000000, 0.000000, 0.000000, 0.000000, 0.000000,)
MLP_W2 = (
    (-0.009274, 0.004099, 0.009735, -0.002847, -0.008280, -0.009071, 0.002506, -0.000757, -0.005050, 0.002021, 0.003798, 0.007953, 0.007764, -0.001497, -0.008818, -0.009036, 0.009337, 0.004421, 0.004359, -0.008652, 0.009260, 0.009473, 0.009029, -0.008436, -0.003773, -0.006878, 0.009470, -0.004297, -0.004566, 0.005239, -0.004626, -0.004925,),
)
MLP_B2 = (0.000000,)
